0,575
0,606
0,537
0,519
0,316
0,600
0,574
0,619
0,590
0,516
0,635
0,309
0,615
0,614
0,541
0,573
0,572
0,610
0,554
0,625
0,601
0,571
0,551
117,119
117,2
117,0
0,550
0,518
0,622
0,564
0,592
0,618
0,542
0,538
0,576
0,563
0,241
0,238
0,523
118,358
0,522
118,357
118,9
0,578
0,558
0,570
0,626
0,548
0,552
0,595
0,602
0,569
0,416
0,436
0,584
0,637
0,617
0,636
0,427
117,118
2,5
2,6
2,3
0,536
1,3
118,2
0,1
0,568
0,567
0,634
0,613
0,612
0,586
0,582
0,532
0,524
0,555
0,561
118,0
117,46
118,6
0,633
0,581
0,632
117,110
117,109
117,108
117,107
117,47
116,175
0,515
0,240
0,239
0,237
0,236
0,235
0,234
0,233
0,232
0,231
0,230
0,229
0,228
0,227
0,226
0,225
0,224
0,223
0,222
0,221
0,220
0,219
0,218
0,217
0,216
0,215
0,214
0,213
0,212
0,0
0,210
0,521
0,211
0,556
114,4
0,517
0,534
0,513
0,408
0,546
0,639
0,549
0,620
0,539
0,611
0,535
0,533
0,629
109,4
0,599
117,43
118,7
117,49
112,3
112,4
0,304
0,303
0,12
0,11
0,446
0,10
0,8
111,3
111,4
110,3
111,5
108,5
114,5
117,113
117,111
117,101
117,99
117,94
117,91
117,88
117,86
117,83
117,80
117,78
117,75
117,72
117,69
117,67
117,64
117,37
117,35
117,32
117,41
117,4
118,65
118,228
118,132
118,18
118,15
118,3
116,181
116,171
116,168
116,166
116,163
116,160
116,155
116,153
116,150
116,147
116,145
116,142
116,139
116,136
116,134
116,131
116,233
116,230
116,227
116,225
116,222
116,219
116,216
116,214
116,211
116,208
116,206
116,203
116,241
116,200
116,198
116,195
116,192
116,255
116,252
116,249
116,247
116,244
116,235
116,122
116,120
116,117
116,112
116,66
116,65
116,178
116,177
116,176
116,173
116,239
116,238
116,237
116,191
116,190
116,189
116,188
116,187
116,186
116,185
116,184
116,64
116,6
117,38
117,5
116,13
108,3
108,4
107,3
107,4
116,14
116,4
116,179
116,156
116,159
116,129
116,128
116,3
116,5
0,300
0,299
0,298
0,297
0,296
0,295
0,294
0,293
0,292
0,526
0,291
0,290
0,289
0,288
0,287
0,286
0,285
0,284
0,283
0,282
0,281
0,280
0,279
0,278
0,277
0,276
0,275
0,274
0,273
0,272
0,271
0,270
0,269
0,268
0,267
0,266
0,265
0,264
0,263
0,262
0,261
0,260
0,259
0,258
0,257
0,256
0,255
0,254
0,253
0,252
0,251
0,250
0,249
0,248
0,247
0,246
0,245
0,242
0,596
0,209
0,208
0,207
0,206
0,205
0,204
0,203
0,202
0,201
0,200
0,528
0,199
0,527
0,198
0,520
0,197
0,628
0,196
0,560
0,195
0,194
0,605
0,193
0,525
0,192
0,627
0,63
0,62
0,61
0,60
0,59
0,58
0,57
0,56
0,55
0,54
0,53
0,52
0,51
0,50
0,49
0,48
0,47
0,46
0,45
0,6
0,598
118,368
118,367
118,66
118,126
118,123
118,134
118,137
118,136
118,142
118,141
118,144
118,145
118,133
118,148
118,147
118,153
118,152
118,150
118,155
118,158
118,161
118,160
118,164
118,163
118,167
118,166
118,171
118,169
118,172
118,177
118,175
118,174
118,180
118,179
118,183
118,182
118,185
118,186
118,188
118,191
118,190
0,530
0,562
0,559
0,544
0,244
0,396
118,4
117,117
117,112
117,100
117,97
117,95
117,93
117,92
117,90
117,89
117,87
117,85
117,84
117,82
117,81
117,79
117,77
117,76
117,74
117,73
117,71
117,70
117,68
117,66
117,65
117,36
117,34
117,33
117,31
117,48
118,5
116,183
116,182
116,180
116,174
116,172
116,170
116,169
116,167
116,165
116,164
116,162
116,161
116,157
116,154
116,152
116,151
116,149
116,148
116,146
116,144
116,143
116,141
116,140
116,138
116,137
116,135
116,133
116,132
116,234
116,232
116,231
116,226
116,221
116,220
116,218
116,217
116,215
116,213
116,212
116,210
116,209
116,207
116,205
116,204
116,202
116,201
116,236
116,158
116,199
116,197
116,196
116,194
116,193
116,130
116,254
116,253
116,251
116,250
116,248
116,246
116,245
116,243
116,242
116,240
116,229
116,228
116,224
116,223
116,123
116,121
116,119
116,118
116,116
116,115
116,111
116,110
117,106
117,3
117,42
0,607
118,8
116,69
116,67
116,68
116,0
116,1
116,2
118,74
118,80
118,79
118,83
118,69
118,85
118,91
118,90
118,93
118,95
118,87
118,82
118,96
118,99
118,98
118,102
118,101
118,104
118,107
118,106
118,110
118,88
118,115
118,114
118,109
118,117
118,118
118,121
118,120
118,125
118,112
118,129
118,128
118,352
118,351
118,354
118,353
118,328
118,327
118,356
118,355
118,360
118,359
118,364
118,363
118,17
118,10
118,13
118,22
118,28
118,27
118,23
118,20
118,16
118,31
118,33
118,30
118,37
118,35
118,64
118,40
118,68
118,72
118,71
118,76
118,77
118,14
118,311
118,310
118,322
118,321
118,305
118,304
118,314
118,313
118,318
118,317
118,320
118,319
118,324
118,323
118,330
118,329
118,334
118,333
118,336
118,335
118,338
118,337
118,340
118,339
118,332
118,331
118,342
118,341
118,346
118,345
118,344
118,343
118,350
118,349
0,604
118,273
118,270
118,277
118,274
118,269
118,268
118,279
118,278
118,283
118,282
118,261
118,258
118,257
118,256
118,287
118,286
118,293
118,292
118,295
118,294
118,297
118,296
118,299
118,298
118,301
118,300
118,303
118,302
118,285
118,284
118,307
118,306
118,309
118,308
118,205
0,566
118,223
118,220
118,227
118,224
118,232
118,231
118,234
118,233
118,238
118,237
118,242
118,241
118,246
118,245
118,248
118,247
118,252
118,251
118,262
118,255
118,195
118,194
118,199
118,198
118,250
118,249
118,206
118,204
118,263
118,209
118,203
118,200
118,267
118,264
0,553
0,512
118,212
118,211
118,218
118,217
118,222
118,221
118,226
118,225
118,230
118,229
118,236
118,235
118,240
118,239
118,244
118,243
118,254
118,253
118,260
118,259
118,266
118,265
118,272
118,271
118,276
118,275
118,290
118,289
118,215
118,214
118,219
118,216
118,210
118,366
118,365
118,81
118,127
118,122
118,135
118,143
118,146
118,138
118,149
118,154
118,159
118,151
118,140
118,165
118,162
118,170
118,168
118,173
118,176
118,181
118,178
118,184
118,187
118,189
118,193
118,192
118,197
118,196
118,202
118,201
118,208
118,207
118,1
0,377
0,621
0,432
0,565
118,103
118,100
118,105
118,111
118,89
118,108
118,116
118,119
118,124
118,113
118,67
118,75
118,78
118,73
118,84
118,70
118,86
118,92
118,94
118,97
117,1
118,348
118,347
118,21
118,24
118,11
118,34
118,29
118,38
118,32
0,631
0,597
0,609
0,557
0,360
0,347
0,624
0,623
114,3
0,543
0,591
0,638
0,545
0,616
0,547
0,580
0,529
0,579
0,531
0,630
116,11
115,4
115,3
114,9
114,8
114,7
114,6
113,5
113,4
113,3
110,5
110,4
109,5
109,3
107,6
107,5
4,3
2,13
2,12
2,11
2,10
2,9
2,8
2,7
2,4
2,2
2,1
2,0
0,511
0,507
0,506
0,503
0,502
0,501
0,500
0,499
0,498
0,493
0,492
0,491
0,489
0,485
0,484
0,483
0,480
0,479
0,475
0,473
0,470
0,469
0,467
0,466
0,465
0,464
0,463
0,462
0,460
0,459
0,458
0,457
0,456
0,455
0,453
0,452
0,451
0,449
0,448
0,322
0,320
0,243
0,9
117,39
118,131
118,139
118,156
118,281
118,291
118,316
119,3
119,4
120,4
121,3
122,2
122,4
122,5
122,7
122,8
122,10
123,3
123,4
124,4
125,3
125,5
126,3
127,3
128,3
129,3
130,3
130,4
131,4
132,7
133,3
134,3
135,3
136,3
137,3
138,3
139,3
139,4
140,4
141,3
142,3
143,3
144,3
146,3
147,3
148,4
149,3
150,3
152,0
152,1
152,3
152,4
152,6
153,1
153,2
153,4
153,5
153,7
154,4
157,3
154,3
153,6
153,3
153,0
152,5
152,2
151,3
149,7
148,3
145,3
142,4
141,5
140,3
138,4
137,4
135,4
133,4
132,3
131,3
129,6
127,5
126,4
125,4
124,3
123,2
122,9
122,6
122,3
121,4
120,3
118,315
118,312
118,288
118,280
118,157
118,130
117,44
0,514
0,540
0,5
0,306
0,305
0,302
0,4
0,2
0,3
0,7
